treeID nodeID parmID contPT mwcpSZ
1 1 1 3 -1.349385 0
2 1 1 2 0 0
3 1 1 0 NA 0
4 1 3 0 NA 0
5 1 2 3 0.597595 0
6 1 2 1 0 0
7 1 2 3 -0.360528 0
8 1 2 2 0 0
9 1 2 0 NA 0
10 1 7 0 NA 0
11 1 6 3 0.064841 0
12 1 6 0 NA 0
13 1 8 0 NA 0
14 1 5 1 1 0
15 1 5 3 0.247674 0
16 1 5 3 -0.424354 0
17 1 5 0 NA 0
18 1 11 3 -0.034858 0
19 1 11 0 NA 0
20 1 12 0 NA 0
21 1 10 0 NA 0
22 1 9 3 -0.623487 0
23 1 9 0 NA 0
24 1 13 3 0.181009 0
25 1 13 2 0 0
26 1 13 0 NA 0
27 1 15 0 NA 0
28 1 14 0 NA 0
29 1 4 1 0 0
30 1 4 3 1.059585 0
31 1 4 0 NA 0
32 1 17 0 NA 0
33 1 16 1 1 0
34 1 16 2 0 0
35 1 16 0 NA 0
36 1 19 0 NA 0
37 1 18 3 1.083714 0
38 1 18 0 NA 0
39 1 20 0 NA 0
40 2 1 1 0 0
41 2 1 3 -0.826206 0
42 2 1 0 NA 0
43 2 3 3 -0.412813 0
44 2 3 0 NA 0
45 2 4 3 1.059585 0
46 2 4 2 0 0
47 2 4 3 0.232759 0
48 2 4 0 NA 0
49 2 7 0 NA 0
50 2 6 3 0.28343 0
51 2 6 0 NA 0
52 2 8 0 NA 0
53 2 5 0 NA 0
54 2 2 1 1 0
55 2 2 3 0.309537 0
56 2 2 3 -0.371551 0
57 2 2 3 -0.903417 0
58 2 2 0 NA 0
59 2 12 0 NA 0
60 2 11 2 0 0
61 2 11 0 NA 0
62 2 13 0 NA 0
63 2 10 3 1.227423 0
64 2 10 3 0.703881 0
65 2 10 0 NA 0
66 2 15 0 NA 0
67 2 14 0 NA 0
68 2 9 3 0.163346 0
69 2 9 3 -0.363469 0
70 2 9 3 -0.716953 0
71 2 9 0 NA 0
72 2 18 0 NA 0
73 2 17 0 NA 0
74 2 16 3 0.709055 0
75 2 16 0 NA 0
76 2 19 3 1.174677 0
77 2 19 0 NA 0
78 2 20 0 NA 0
79 3 1 3 -1.237966 0
80 3 1 3 -1.515357 0
81 3 1 0 NA 0
82 3 3 0 NA 0
83 3 2 3 -1.030387 0
84 3 2 0 NA 0
85 3 4 3 0.345863 0
86 3 4 1 0 0
87 3 4 3 0.03459 0
88 3 4 3 -0.392154 0
89 3 4 0 NA 0
90 3 8 0 NA 0
91 3 7 0 NA 0
92 3 6 3 -0.371551 0
93 3 6 1 1 0
94 3 6 0 NA 0
95 3 10 0 NA 0
96 3 9 1 1 0
97 3 9 3 -0.034834 0
98 3 9 0 NA 0
99 3 12 0 NA 0
100 3 11 3 -0.007909 0
101 3 11 0 NA 0
102 3 13 0 NA 0
103 3 5 3 0.547286 0
104 3 5 0 NA 0
105 3 14 1 0 0
106 3 14 2 0 0
107 3 14 0 NA 0
108 3 16 0 NA 0
109 3 15 1 1 0
110 3 15 3 0.948777 0
111 3 15 0 NA 0
112 3 18 0 NA 0
113 3 17 2 0 0
114 3 17 0 NA 0
115 3 19 0 NA 0
116 4 1 1 0 0
117 4 1 3 -1.177673 0
118 4 1 0 NA 0
119 4 3 3 1.069795 0
120 4 3 3 0.053078 0
121 4 3 3 -0.664111 0
122 4 3 0 NA 0
123 4 6 3 -0.258752 0
124 4 6 0 NA 0
125 4 7 0 NA 0
126 4 5 2 0 0
127 4 5 0 NA 0
128 4 8 0 NA 0
129 4 4 0 NA 0
130 4 2 3 -1.384356 0
131 4 2 0 NA 0
132 4 9 1 1 0
133 4 9 3 0.356204 0
134 4 9 3 -0.004771 0
135 4 9 3 -0.504359 0
136 4 9 0 NA 0
137 4 13 0 NA 0
138 4 12 0 NA 0
139 4 11 3 1.123459 0
140 4 11 3 0.639111 0
141 4 11 0 NA 0
142 4 15 0 NA 0
143 4 14 0 NA 0
144 4 10 3 -0.654265 0
145 4 10 0 NA 0
146 4 16 3 0.181009 0
147 4 16 2 0 0
148 4 16 0 NA 0
149 4 18 0 NA 0
150 4 17 3 0.52441 0
151 4 17 0 NA 0
152 4 19 2 0 0
153 4 19 0 NA 0
154 4 20 0 NA 0
155 5 1 3 -1.327859 0
156 5 1 2 0 0
157 5 1 0 NA 0
158 5 3 0 NA 0
159 5 2 1 0 0
160 5 2 3 0.550081 0
161 5 2 3 0.040576 0
162 5 2 3 -0.74333 0
163 5 2 0 NA 0
164 5 7 3 -0.367616 0
165 5 7 0 NA 0
166 5 8 0 NA 0
167 5 6 0 NA 0
168 5 5 3 0.965904 0
169 5 5 0 NA 0
170 5 9 0 NA 0
171 5 4 1 1 0
172 5 4 3 0.072297 0
173 5 4 3 -0.297426 0
174 5 4 3 -0.74229 0
175 5 4 0 NA 0
176 5 13 0 NA 0
177 5 12 0 NA 0
178 5 11 3 0.637717 0
179 5 11 0 NA 0
180 5 14 3 1.139625 0
181 5 14 0 NA 0
182 5 15 0 NA 0
183 5 10 3 -0.568258 0
184 5 10 0 NA 0
185 5 16 3 0.873807 0
186 5 16 3 0.454114 0
187 5 16 3 0.02412 0
188 5 16 0 NA 0
189 5 19 0 NA 0
190 5 18 0 NA 0
191 5 17 0 NA 0
192 6 1 1 0 0
193 6 1 3 -0.525871 0
194 6 1 3 -1.075022 0
195 6 1 0 NA 0
196 6 4 0 NA 0
197 6 3 3 -0.137157 0
198 6 3 0 NA 0
199 6 5 3 0.242295 0
200 6 5 0 NA 0
201 6 6 3 0.777444 0
202 6 6 0 NA 0
203 6 7 0 NA 0
204 6 2 1 1 0
205 6 2 3 -0.54231 0
206 6 2 3 -1.041883 0
207 6 2 0 NA 0
208 6 10 0 NA 0
209 6 9 3 0.335452 0
210 6 9 3 -0.198624 0
211 6 9 0 NA 0
212 6 12 0 NA 0
213 6 11 3 0.740686 0
214 6 11 0 NA 0
215 6 13 2 0 0
216 6 13 0 NA 0
217 6 14 0 NA 0
218 6 8 3 -0.51388 0
219 6 8 3 -0.969755 0
220 6 8 0 NA 0
221 6 16 0 NA 0
222 6 15 3 0.650345 0
223 6 15 3 0.312784 0
224 6 15 3 -0.170339 0
225 6 15 0 NA 0
226 6 19 0 NA 0
227 6 18 0 NA 0
228 6 17 0 NA 0
229 7 1 1 0 0
230 7 1 3 -0.341633 0
231 7 1 3 -1.163955 0
232 7 1 0 NA 0
233 7 4 3 -0.691583 0
234 7 4 0 NA 0
235 7 5 0 NA 0
236 7 3 3 0.777444 0
237 7 3 3 0.242295 0
238 7 3 0 NA 0
239 7 7 0 NA 0
240 7 6 0 NA 0
241 7 2 1 1 0
242 7 2 3 1.227423 0
243 7 2 3 0.072505 0
244 7 2 3 -0.302895 0
245 7 2 2 0 0
246 7 2 0 NA 0
247 7 12 0 NA 0
248 7 11 0 NA 0
249 7 10 3 0.457766 0
250 7 10 0 NA 0
251 7 13 0 NA 0
252 7 9 0 NA 0
253 7 8 3 -0.423011 0
254 7 8 3 -0.935504 0
255 7 8 0 NA 0
256 7 15 0 NA 0
257 7 14 3 0.458778 0
258 7 14 2 0 0
259 7 14 0 NA 0
260 7 17 0 NA 0
261 7 16 2 0 0
262 7 16 0 NA 0
263 7 18 0 NA 0
264 8 1 3 1.178394 0
265 8 1 1 0 0
266 8 1 3 -0.751509 0
267 8 1 0 NA 0
268 8 4 3 0.039752 0
269 8 4 3 -0.360528 0
270 8 4 0 NA 0
271 8 6 0 NA 0
272 8 5 3 0.309782 0
273 8 5 0 NA 0
274 8 7 3 0.704827 0
275 8 7 0 NA 0
276 8 8 0 NA 0
277 8 3 1 1 0
278 8 3 3 0.335452 0
279 8 3 3 -0.616136 0
280 8 3 3 -1.128922 0
281 8 3 0 NA 0
282 8 12 0 NA 0
283 8 11 3 -0.133086 0
284 8 11 0 NA 0
285 8 13 0 NA 0
286 8 10 0 NA 0
287 8 9 3 0.024163 0
288 8 9 3 -0.986139 0
289 8 9 0 NA 0
290 8 15 2 0 0
291 8 15 0 NA 0
292 8 16 0 NA 0
293 8 14 2 0 0
294 8 14 0 NA 0
295 8 17 0 NA 0
296 8 2 2 0 0
297 8 2 0 NA 0
298 8 18 0 NA 0
299 9 1 1 0 0
300 9 1 3 0.513442 0
301 9 1 3 0.188027 0
302 9 1 3 -0.094745 0
303 9 1 3 -1.161216 0
304 9 1 0 NA 0
305 9 6 3 -0.448738 0
306 9 6 0 NA 0
307 9 7 0 NA 0
308 9 5 0 NA 0
309 9 4 0 NA 0
310 9 3 3 0.936435 0
311 9 3 0 NA 0
312 9 8 0 NA 0
313 9 2 1 1 0
314 9 2 3 0.154972 0
315 9 2 3 -0.169009 0
316 9 2 3 -0.912373 0
317 9 2 0 NA 0
318 9 12 0 NA 0
319 9 11 0 NA 0
320 9 10 3 0.641973 0
321 9 10 0 NA 0
322 9 13 3 1.190571 0
323 9 13 0 NA 0
324 9 14 0 NA 0
325 9 9 3 -0.569932 0
326 9 9 3 -0.973151 0
327 9 9 0 NA 0
328 9 16 0 NA 0
329 9 15 2 0 0
330 9 15 3 0.100658 0
331 9 15 0 NA 0
332 9 18 0 NA 0
333 9 17 3 0.105156 0
334 9 17 0 NA 0
335 9 19 0 NA 0
336 10 1 1 0 0
337 10 1 3 -0.826206 0
338 10 1 0 NA 0
339 10 3 3 -0.230464 0
340 10 3 0 NA 0
341 10 4 3 0.513442 0
342 10 4 3 0.088681 0
343 10 4 0 NA 0
344 10 6 0 NA 0
345 10 5 3 0.862179 0
346 10 5 0 NA 0
347 10 7 0 NA 0
348 10 2 1 1 0
349 10 2 3 1.00103 0
350 10 2 3 0.580516 0
351 10 2 3 -0.779097 0
352 10 2 0 NA 0
353 10 11 2 0 0
354 10 11 0 NA 0
355 10 12 3 -0.076845 0
356 10 12 0 NA 0
357 10 13 0 NA 0
358 10 10 0 NA 0
359 10 9 0 NA 0
360 10 8 3 -0.506058 0
361 10 8 3 -0.90519 0
362 10 8 0 NA 0
363 10 15 0 NA 0
364 10 14 3 0.30278 0
365 10 14 3 -0.062442 0
366 10 14 0 NA 0
367 10 17 0 NA 0
368 10 16 3 0.910229 0
369 10 16 0 NA 0
370 10 18 0 NA 0
371 11 1 1 0 0
372 11 1 3 -1.161216 0
373 11 1 0 NA 0
374 11 3 3 1.066568 0
375 11 3 3 0.379535 0
376 11 3 2 0 0
377 11 3 3 -0.255375 0
378 11 3 0 NA 0
379 11 7 0 NA 0
380 11 6 3 -0.258677 0
381 11 6 0 NA 0
382 11 8 0 NA 0
383 11 5 0 NA 0
384 11 4 0 NA 0
385 11 2 1 1 0
386 11 2 3 0.335452 0
387 11 2 3 -1.039846 0
388 11 2 0 NA 0
389 11 11 3 -0.018172 0
390 11 11 3 -0.504359 0
391 11 11 0 NA 0
392 11 13 0 NA 0
393 11 12 0 NA 0
394 11 10 3 0.836511 0
395 11 10 0 NA 0
396 11 14 0 NA 0
397 11 9 3 0.024163 0
398 11 9 3 -1.105467 0
399 11 9 0 NA 0
400 11 16 3 -0.559019 0
401 11 16 0 NA 0
402 11 17 3 -0.254397 0
403 11 17 0 NA 0
404 11 18 0 NA 0
405 11 15 3 0.973574 0
406 11 15 3 0.485366 0
407 11 15 0 NA 0
408 11 20 0 NA 0
409 11 19 0 NA 0
410 12 1 1 0 0
411 12 1 3 -0.883801 0
412 12 1 0 NA 0
413 12 3 3 0.053078 0
414 12 3 2 0 0
415 12 3 0 NA 0
416 12 5 0 NA 0
417 12 4 2 0 0
418 12 4 0 NA 0
419 12 6 3 0.6762 0
420 12 6 0 NA 0
421 12 7 0 NA 0
422 12 2 1 1 0
423 12 2 3 0.387848 0
424 12 2 3 -0.303753 0
425 12 2 3 -0.720545 0
426 12 2 0 NA 0
427 12 11 0 NA 0
428 12 10 3 0.053919 0
429 12 10 0 NA 0
430 12 12 0 NA 0
431 12 9 3 0.83541 0
432 12 9 0 NA 0
433 12 13 0 NA 0
434 12 8 3 -0.505646 0
435 12 8 3 -1.087682 0
436 12 8 0 NA 0
437 12 15 0 NA 0
438 12 14 3 0.189386 0
439 12 14 3 -0.16785 0
440 12 14 0 NA 0
441 12 17 0 NA 0
442 12 16 3 1.046882 0
443 12 16 3 0.558349 0
444 12 16 0 NA 0
445 12 19 0 NA 0
446 12 18 0 NA 0
447 13 1 1 0 0
448 13 1 3 0.821227 0
449 13 1 3 0.1378 0
450 13 1 3 -0.188856 0
451 13 1 3 -0.841678 0
452 13 1 0 NA 0
453 13 6 3 -0.47843 0
454 13 6 0 NA 0
455 13 7 0 NA 0
456 13 5 0 NA 0
457 13 4 2 0 0
458 13 4 0 NA 0
459 13 8 0 NA 0
460 13 3 0 NA 0
461 13 2 1 1 0
462 13 2 3 -0.076845 0
463 13 2 3 -0.436539 0
464 13 2 3 -0.871899 0
465 13 2 0 NA 0
466 13 12 0 NA 0
467 13 11 0 NA 0
468 13 10 3 1.015992 0
469 13 10 3 0.366755 0
470 13 10 0 NA 0
471 13 14 0 NA 0
472 13 13 0 NA 0
473 13 9 3 -0.022357 0
474 13 9 2 0 0
475 13 9 3 -0.645764 0
476 13 9 0 NA 0
477 13 17 0 NA 0
478 13 16 3 -0.65483 0
479 13 16 0 NA 0
480 13 18 0 NA 0
481 13 15 2 0 0
482 13 15 3 0.650195 0
483 13 15 0 NA 0
484 13 20 0 NA 0
485 13 19 0 NA 0
486 14 1 3 0.036517 0
487 14 1 1 0 0
488 14 1 3 -0.256997 0
489 14 1 3 -0.824093 0
490 14 1 0 NA 0
491 14 5 0 NA 0
492 14 4 0 NA 0
493 14 3 1 1 0
494 14 3 3 -0.278161 0
495 14 3 3 -0.826174 0
496 14 3 0 NA 0
497 14 8 0 NA 0
498 14 7 0 NA 0
499 14 6 3 -1.098844 0
500 14 6 0 NA 0
501 14 9 3 -0.623487 0
502 14 9 0 NA 0
503 14 10 2 0 0
504 14 10 0 NA 0
505 14 11 0 NA 0
506 14 2 1 0 0
507 14 2 3 0.513442 0
508 14 2 0 NA 0
509 14 13 2 0 0
510 14 13 0 NA 0
511 14 14 0 NA 0
512 14 12 3 0.248312 0
513 14 12 0 NA 0
514 14 15 1 1 0
515 14 15 3 0.632793 0
516 14 15 0 NA 0
517 14 17 3 1.032392 0
518 14 17 0 NA 0
519 14 18 0 NA 0
520 14 16 3 0.869328 0
521 14 16 0 NA 0
522 14 19 0 NA 0
523 15 1 1 0 0
524 15 1 3 0.689977 0
525 15 1 3 0.242295 0
526 15 1 3 -0.038181 0
527 15 1 3 -1.111693 0
528 15 1 0 NA 0
529 15 6 3 -0.60801 0
530 15 6 0 NA 0
531 15 7 0 NA 0
532 15 5 0 NA 0
533 15 4 0 NA 0
534 15 3 3 1.153585 0
535 15 3 0 NA 0
536 15 8 0 NA 0
537 15 2 3 -1.34888 0
538 15 2 0 NA 0
539 15 9 1 1 0
540 15 9 3 0.335452 0
541 15 9 3 -0.720545 0
542 15 9 0 NA 0
543 15 12 3 0.011652 0
544 15 12 3 -0.305733 0
545 15 12 0 NA 0
546 15 14 0 NA 0
547 15 13 0 NA 0
548 15 11 3 0.840471 0
549 15 11 0 NA 0
550 15 15 3 1.280333 0
551 15 15 0 NA 0
552 15 16 0 NA 0
553 15 10 3 -0.082861 0
554 15 10 3 -0.66416 0
555 15 10 0 NA 0
556 15 18 0 NA 0
557 15 17 3 0.268827 0
558 15 17 0 NA 0
559 15 19 3 0.713694 0
560 15 19 0 NA 0
561 15 20 0 NA 0
562 16 1 1 0 0
563 16 1 3 -1.177673 0
564 16 1 0 NA 0
565 16 3 3 -0.525871 0
566 16 3 0 NA 0
567 16 4 3 -0.137157 0
568 16 4 0 NA 0
569 16 5 3 0.375473 0
570 16 5 0 NA 0
571 16 6 2 0 0
572 16 6 0 NA 0
573 16 7 0 NA 0
574 16 2 3 0.593801 0
575 16 2 3 0.314813 0
576 16 2 3 0.03159 0
577 16 2 3 -1.132993 0
578 16 2 1 1 0
579 16 2 0 NA 0
580 16 12 0 NA 0
581 16 11 1 1 0
582 16 11 3 -0.320229 0
583 16 11 0 NA 0
584 16 14 0 NA 0
585 16 13 3 -0.623487 0
586 16 13 0 NA 0
587 16 15 3 -0.275656 0
588 16 15 0 NA 0
589 16 16 0 NA 0
590 16 10 0 NA 0
591 16 9 0 NA 0
592 16 8 1 1 0
593 16 8 3 1.071159 0
594 16 8 0 NA 0
595 16 18 0 NA 0
596 16 17 2 0 0
597 16 17 0 NA 0
598 16 19 0 NA 0
599 17 1 3 -1.237966 0
600 17 1 3 -1.522315 0
601 17 1 0 NA 0
602 17 3 0 NA 0
603 17 2 1 0 0
604 17 2 3 0.242295 0
605 17 2 3 -0.436487 0
606 17 2 0 NA 0
607 17 6 2 0 0
608 17 6 0 NA 0
609 17 7 0 NA 0
610 17 5 3 0.689977 0
611 17 5 0 NA 0
612 17 8 3 1.159097 0
613 17 8 0 NA 0
614 17 9 0 NA 0
615 17 4 3 -0.423011 0
616 17 4 1 1 0
617 17 4 0 NA 0
618 17 11 0 NA 0
619 17 10 1 1 0
620 17 10 3 0.119372 0
621 17 10 0 NA 0
622 17 13 3 1.00103 0
623 17 13 3 0.490865 0
624 17 13 0 NA 0
625 17 15 0 NA 0
626 17 14 0 NA 0
627 17 12 3 0.873807 0
628 17 12 3 0.181009 0
629 17 12 3 -0.147511 0
630 17 12 0 NA 0
631 17 18 0 NA 0
632 17 17 3 0.492439 0
633 17 17 0 NA 0
634 17 19 0 NA 0
635 17 16 0 NA 0
636 18 1 1 0 0
637 18 1 3 -0.832109 0
638 18 1 0 NA 0
639 18 3 3 0.302871 0
640 18 3 3 -0.120813 0
641 18 3 3 -0.428524 0
642 18 3 0 NA 0
643 18 6 0 NA 0
644 18 5 0 NA 0
645 18 4 3 1.023486 0
646 18 4 0 NA 0
647 18 7 0 NA 0
648 18 2 3 -0.608901 0
649 18 2 3 -1.032519 0
650 18 2 1 1 0
651 18 2 0 NA 0
652 18 10 0 NA 0
653 18 9 1 1 0
654 18 9 0 NA 0
655 18 11 0 NA 0
656 18 8 1 1 0
657 18 8 3 0.119372 0
658 18 8 3 -0.183347 0
659 18 8 0 NA 0
660 18 14 0 NA 0
661 18 13 3 1.047073 0
662 18 13 3 0.474788 0
663 18 13 0 NA 0
664 18 16 0 NA 0
665 18 15 0 NA 0
666 18 12 3 0.652013 0
667 18 12 3 0.174673 0
668 18 12 2 0 0
669 18 12 0 NA 0
670 18 19 0 NA 0
671 18 18 0 NA 0
672 18 17 0 NA 0
673 19 1 1 0 0
674 19 1 3 -0.824093 0
675 19 1 0 NA 0
676 19 3 3 0.736078 0
677 19 3 3 0.040576 0
678 19 3 2 0 0
679 19 3 0 NA 0
680 19 6 0 NA 0
681 19 5 3 0.405416 0
682 19 5 0 NA 0
683 19 7 0 NA 0
684 19 4 0 NA 0
685 19 2 1 1 0
686 19 2 3 0.457766 0
687 19 2 3 -0.732366 0
688 19 2 0 NA 0
689 19 10 3 -0.27869 0
690 19 10 0 NA 0
691 19 11 3 0.025577 0
692 19 11 0 NA 0
693 19 12 0 NA 0
694 19 9 3 0.840471 0
695 19 9 0 NA 0
696 19 13 0 NA 0
697 19 8 3 -0.713507 0
698 19 8 0 NA 0
699 19 14 3 1.069582 0
700 19 14 3 0.432421 0
701 19 14 3 -0.357102 0
702 19 14 0 NA 0
703 19 17 3 -0.017632 0
704 19 17 0 NA 0
705 19 18 0 NA 0
706 19 16 0 NA 0
707 19 15 0 NA 0
708 20 1 1 0 0
709 20 1 3 -0.104021 0
710 20 1 3 -0.826206 0
711 20 1 0 NA 0
712 20 4 3 -0.464325 0
713 20 4 0 NA 0
714 20 5 0 NA 0
715 20 3 3 0.242295 0
716 20 3 0 NA 0
717 20 6 3 0.820721 0
718 20 6 0 NA 0
719 20 7 0 NA 0
720 20 2 3 1.00103 0
721 20 2 1 1 0
722 20 2 3 0.335452 0
723 20 2 3 -0.813875 0
724 20 2 0 NA 0
725 20 11 3 -0.278161 0
726 20 11 0 NA 0
727 20 12 3 0.019907 0
728 20 12 0 NA 0
729 20 13 0 NA 0
730 20 10 0 NA 0
731 20 9 3 0.024163 0
732 20 9 3 -1.107812 0
733 20 9 0 NA 0
734 20 15 3 -0.565345 0
735 20 15 0 NA 0
736 20 16 2 0 0
737 20 16 0 NA 0
738 20 17 0 NA 0
739 20 14 3 0.485366 0
740 20 14 0 NA 0
741 20 18 0 NA 0
742 20 8 3 1.517653 0
743 20 8 0 NA 0
744 20 19 0 NA 0
745 21 1 1 0 0
746 21 1 3 0.820721 0
747 21 1 3 0.452319 0
748 21 1 3 -1.161216 0
749 21 1 0 NA 0
750 21 5 3 -0.613712 0
751 21 5 0 NA 0
752 21 6 3 -0.292841 0
753 21 6 0 NA 0
754 21 7 2 0 0
755 21 7 0 NA 0
756 21 8 0 NA 0
757 21 4 0 NA 0
758 21 3 0 NA 0
759 21 2 1 1 0
760 21 2 3 0.119372 0
761 21 2 3 -0.942599 0
762 21 2 0 NA 0
763 21 11 3 -0.506543 0
764 21 11 0 NA 0
765 21 12 3 -0.183347 0
766 21 12 0 NA 0
767 21 13 0 NA 0
768 21 10 3 0.572838 0
769 21 10 0 NA 0
770 21 14 3 1.173165 0
771 21 14 0 NA 0
772 21 15 0 NA 0
773 21 9 3 -0.713507 0
774 21 9 0 NA 0
775 21 16 3 -0.348591 0
776 21 16 0 NA 0
777 21 17 3 -0.022357 0
778 21 17 0 NA 0
779 21 18 2 0 0
780 21 18 3 0.557147 0
781 21 18 0 NA 0
782 21 20 0 NA 0
783 21 19 0 NA 0
784 22 1 3 0.571912 0
785 22 1 1 0 0
786 22 1 3 -1.161216 0
787 22 1 0 NA 0
788 22 4 3 -0.255375 0
789 22 4 3 -0.565888 0
790 22 4 0 NA 0
791 22 6 0 NA 0
792 22 5 3 0.10145 0
793 22 5 0 NA 0
794 22 7 0 NA 0
795 22 3 1 1 0
796 22 3 3 0.119372 0
797 22 3 3 -0.39035 0
798 22 3 3 -0.854448 0
799 22 3 0 NA 0
800 22 11 0 NA 0
801 22 10 0 NA 0
802 22 9 0 NA 0
803 22 8 3 -0.559019 0
804 22 8 3 -1.049029 0
805 22 8 0 NA 0
806 22 13 0 NA 0
807 22 12 3 0.220527 0
808 22 12 3 -0.078636 0
809 22 12 0 NA 0
810 22 15 0 NA 0
811 22 14 0 NA 0
812 22 2 1 0 0
813 22 2 3 1.120793 0
814 22 2 0 NA 0
815 22 17 0 NA 0
816 22 16 1 1 0
817 22 16 3 1.015992 0
818 22 16 0 NA 0
819 22 19 0 NA 0
820 22 18 2 0 0
821 22 18 0 NA 0
822 22 20 0 NA 0
823 23 1 1 0 0
824 23 1 3 -0.841678 0
825 23 1 0 NA 0
826 23 3 3 -0.436487 0
827 23 3 0 NA 0
828 23 4 3 0.285149 0
829 23 4 3 -0.091681 0
830 23 4 0 NA 0
831 23 6 0 NA 0
832 23 5 3 0.821227 0
833 23 5 0 NA 0
834 23 7 0 NA 0
835 23 2 3 0.836511 0
836 23 2 1 1 0
837 23 2 3 0.335452 0
838 23 2 3 -0.38945 0
839 23 2 3 -0.798243 0
840 23 2 0 NA 0
841 23 12 0 NA 0
842 23 11 3 -0.080362 0
843 23 11 0 NA 0
844 23 13 0 NA 0
845 23 10 0 NA 0
846 23 9 3 -0.570253 0
847 23 9 3 -1.087682 0
848 23 9 0 NA 0
849 23 15 0 NA 0
850 23 14 3 0.1746 0
851 23 14 3 -0.156144 0
852 23 14 0 NA 0
853 23 17 0 NA 0
854 23 16 0 NA 0
855 23 8 1 1 0
856 23 8 0 NA 0
857 23 18 0 NA 0
858 24 1 1 0 0
859 24 1 2 0 0
860 24 1 3 0.232759 0
861 24 1 3 -0.448738 0
862 24 1 0 NA 0
863 24 5 0 NA 0
864 24 4 0 NA 0
865 24 3 3 0.036517 0
866 24 3 3 -0.57735 0
867 24 3 0 NA 0
868 24 7 0 NA 0
869 24 6 0 NA 0
870 24 2 1 1 0
871 24 2 3 0.119372 0
872 24 2 3 -0.327711 0
873 24 2 2 0 0
874 24 2 0 NA 0
875 24 11 0 NA 0
876 24 10 0 NA 0
877 24 9 3 0.848607 0
878 24 9 3 0.474788 0
879 24 9 0 NA 0
880 24 13 0 NA 0
881 24 12 0 NA 0
882 24 8 3 -0.022357 0
883 24 8 3 -0.357102 0
884 24 8 3 -1.014594 0
885 24 8 0 NA 0
886 24 16 0 NA 0
887 24 15 0 NA 0
888 24 14 2 0 0
889 24 14 3 0.573568 0
890 24 14 0 NA 0
891 24 18 0 NA 0
892 24 17 0 NA 0
893 25 1 1 0 0
894 25 1 2 0 0
895 25 1 3 0.513442 0
896 25 1 3 -0.436487 0
897 25 1 0 NA 0
898 25 5 0 NA 0
899 25 4 0 NA 0
900 25 3 3 0.008507 0
901 25 3 0 NA 0
902 25 6 3 0.695534 0
903 25 6 0 NA 0
904 25 7 0 NA 0
905 25 2 3 0.573568 0
906 25 2 3 0.323319 0
907 25 2 1 1 0
908 25 2 3 -1.176431 0
909 25 2 0 NA 0
910 25 11 3 -0.320229 0
911 25 11 0 NA 0
912 25 12 3 -0.028267 0
913 25 12 0 NA 0
914 25 13 0 NA 0
915 25 10 3 -0.695922 0
916 25 10 3 -1.165105 0
917 25 10 0 NA 0
918 25 15 0 NA 0
919 25 14 2 0 0
920 25 14 0 NA 0
921 25 16 0 NA 0
922 25 9 0 NA 0
923 25 8 1 1 0
924 25 8 3 1.190571 0
925 25 8 0 NA 0
926 25 18 0 NA 0
927 25 17 3 1.057912 0
928 25 17 0 NA 0
929 25 19 0 NA 0
930 26 1 3 0.83541 0
931 26 1 1 0 0
932 26 1 3 -1.161216 0
933 26 1 0 NA 0
934 26 4 3 -0.677606 0
935 26 4 0 NA 0
936 26 5 3 -0.073581 0
937 26 5 0 NA 0
938 26 6 3 0.509263 0
939 26 6 0 NA 0
940 26 7 0 NA 0
941 26 3 3 0.485366 0
942 26 3 1 1 0
943 26 3 3 -0.826459 0
944 26 3 0 NA 0
945 26 10 3 -0.113012 0
946 26 10 3 -0.451483 0
947 26 10 0 NA 0
948 26 12 0 NA 0
949 26 11 0 NA 0
950 26 9 3 -0.505646 0
951 26 9 3 -0.90519 0
952 26 9 0 NA 0
953 26 14 0 NA 0
954 26 13 3 -0.22006 0
955 26 13 0 NA 0
956 26 15 3 0.14637 0
957 26 15 0 NA 0
958 26 16 0 NA 0
959 26 8 0 NA 0
960 26 2 1 0 0
961 26 2 0 NA 0
962 26 17 3 1.257188 0
963 26 17 0 NA 0
964 26 18 0 NA 0
965 27 1 1 0 0
966 27 1 2 0 0
967 27 1 3 0.725178 0
968 27 1 3 -0.392154 0
969 27 1 0 NA 0
970 27 5 0 NA 0
971 27 4 0 NA 0
972 27 3 3 0.040576 0
973 27 3 3 -0.692973 0
974 27 3 0 NA 0
975 27 7 0 NA 0
976 27 6 3 0.667834 0
977 27 6 0 NA 0
978 27 8 0 NA 0
979 27 2 1 1 0
980 27 2 3 -0.95016 0
981 27 2 0 NA 0
982 27 10 3 -0.141491 0
983 27 10 2 0 0
984 27 10 0 NA 0
985 27 12 0 NA 0
986 27 11 3 1.099764 0
987 27 11 3 0.423677 0
988 27 11 0 NA 0
989 27 14 0 NA 0
990 27 13 0 NA 0
991 27 9 3 -0.04351 0
992 27 9 3 -1.101756 0
993 27 9 0 NA 0
994 27 16 3 -0.649338 0
995 27 16 0 NA 0
996 27 17 0 NA 0
997 27 15 3 0.460585 0
998 27 15 0 NA 0
999 27 18 3 0.873807 0
1000 27 18 0 NA 0
1001 27 19 0 NA 0
1002 28 1 1 0 0
1003 28 1 3 -1.187043 0
1004 28 1 0 NA 0
1005 28 3 2 0 0
1006 28 3 3 0.528659 0
1007 28 3 3 -0.270303 0
1008 28 3 0 NA 0
1009 28 6 0 NA 0
1010 28 5 0 NA 0
1011 28 4 3 -0.029621 0
1012 28 4 0 NA 0
1013 28 7 3 0.704243 0
1014 28 7 0 NA 0
1015 28 8 0 NA 0
1016 28 2 1 1 0
1017 28 2 3 0.119372 0
1018 28 2 3 -0.198624 0
1019 28 2 3 -0.543141 0
1020 28 2 2 0 0
1021 28 2 0 NA 0
1022 28 13 0 NA 0
1023 28 12 0 NA 0
1024 28 11 0 NA 0
1025 28 10 3 1.134614 0
1026 28 10 3 0.601956 0
1027 28 10 0 NA 0
1028 28 15 0 NA 0
1029 28 14 0 NA 0
1030 28 9 3 -0.695922 0
1031 28 9 0 NA 0
1032 28 16 3 -0.331591 0
1033 28 16 0 NA 0
1034 28 17 3 0.910229 0
1035 28 17 3 0.485366 0
1036 28 17 3 0.025471 0
1037 28 17 0 NA 0
1038 28 20 0 NA 0
1039 28 19 0 NA 0
1040 28 18 0 NA 0
1041 29 1 1 0 0
1042 29 1 3 1.115838 0
1043 29 1 3 0.625581 0
1044 29 1 3 -0.841678 0
1045 29 1 0 NA 0
1046 29 5 3 -0.487888 0
1047 29 5 0 NA 0
1048 29 6 3 0.09064 0
1049 29 6 0 NA 0
1050 29 7 0 NA 0
1051 29 4 0 NA 0
1052 29 3 0 NA 0
1053 29 2 2 0 0
1054 29 2 1 1 0
1055 29 2 3 0.009009 0
1056 29 2 0 NA 0
1057 29 10 3 0.7913 0
1058 29 10 0 NA 0
1059 29 11 0 NA 0
1060 29 9 3 0.515843 0
1061 29 9 3 -0.357102 0
1062 29 9 0 NA 0
1063 29 13 0 NA 0
1064 29 12 0 NA 0
1065 29 8 1 1 0
1066 29 8 3 0.088676 0
1067 29 8 3 -0.515677 0
1068 29 8 0 NA 0
1069 29 16 0 NA 0
1070 29 15 0 NA 0
1071 29 14 3 -0.633833 0
1072 29 14 0 NA 0
1073 29 17 3 -0.030787 0
1074 29 17 0 NA 0
1075 29 18 0 NA 0
1076 30 1 1 0 0
1077 30 1 3 -0.824093 0
1078 30 1 0 NA 0
1079 30 3 3 0.821227 0
1080 30 3 3 0.150657 0
1081 30 3 3 -0.448738 0
1082 30 3 0 NA 0
1083 30 6 0 NA 0
1084 30 5 0 NA 0
1085 30 4 0 NA 0
1086 30 2 3 1.379763 0
1087 30 2 3 -1.237966 0
1088 30 2 0 NA 0
1089 30 8 3 0.387848 0
1090 30 8 1 1 0
1091 30 8 3 0.053919 0
1092 30 8 3 -0.305733 0
1093 30 8 3 -0.74229 0
1094 30 8 0 NA 0
1095 30 13 0 NA 0
1096 30 12 0 NA 0
1097 30 11 0 NA 0
1098 30 10 3 -0.362937 0
1099 30 10 3 -0.713507 0
1100 30 10 0 NA 0
1101 30 15 0 NA 0
1102 30 14 3 -0.038513 0
1103 30 14 0 NA 0
1104 30 16 0 NA 0
1105 30 9 3 0.597595 0
1106 30 9 0 NA 0
1107 30 17 1 1 0
1108 30 17 0 NA 0
1109 30 18 0 NA 0
1110 30 7 0 NA 0
1111 31 1 1 0 0
1112 31 1 3 -0.832109 0
1113 31 1 0 NA 0
1114 31 3 3 0.820721 0
1115 31 3 3 0.309782 0
1116 31 3 3 -0.255375 0
1117 31 3 0 NA 0
1118 31 6 0 NA 0
1119 31 5 0 NA 0
1120 31 4 0 NA 0
1121 31 2 3 -0.311784 0
1122 31 2 1 1 0
1123 31 2 3 -1.039846 0
1124 31 2 0 NA 0
1125 31 9 0 NA 0
1126 31 8 3 -0.986139 0
1127 31 8 0 NA 0
1128 31 10 0 NA 0
1129 31 7 1 1 0
1130 31 7 3 0.125396 0
1131 31 7 0 NA 0
1132 31 12 3 1.095938 0
1133 31 12 2 0 0
1134 31 12 0 NA 0
1135 31 14 0 NA 0
1136 31 13 0 NA 0
1137 31 11 3 -0.022357 0
1138 31 11 0 NA 0
1139 31 15 3 0.29383 0
1140 31 15 0 NA 0
1141 31 16 3 0.652013 0
1142 31 16 0 NA 0
1143 31 17 2 0 0
1144 31 17 0 NA 0
1145 31 18 0 NA 0
1146 32 1 3 -0.60801 0
1147 32 1 1 0 0
1148 32 1 2 0 0
1149 32 1 0 NA 0
1150 32 4 0 NA 0
1151 32 3 1 1 0
1152 32 3 3 -1.041883 0
1153 32 3 0 NA 0
1154 32 6 0 NA 0
1155 32 5 3 -1.087682 0
1156 32 5 0 NA 0
1157 32 7 0 NA 0
1158 32 2 3 0.247674 0
1159 32 2 1 0 0
1160 32 2 2 0 0
1161 32 2 0 NA 0
1162 32 10 0 NA 0
1163 32 9 3 0.00566 0
1164 32 9 3 -0.278161 0
1165 32 9 0 NA 0
1166 32 12 0 NA 0
1167 32 11 0 NA 0
1168 32 8 1 0 0
1169 32 8 3 1.059585 0
1170 32 8 3 0.640124 0
1171 32 8 0 NA 0
1172 32 15 0 NA 0
1173 32 14 0 NA 0
1174 32 13 1 1 0
1175 32 13 3 1.134614 0
1176 32 13 2 0 0
1177 32 13 0 NA 0
1178 32 18 0 NA 0
1179 32 17 0 NA 0
1180 32 16 2 0 0
1181 32 16 0 NA 0
1182 32 19 0 NA 0
1183 33 1 1 0 0
1184 33 1 2 0 0
1185 33 1 3 -0.385214 0
1186 33 1 0 NA 0
1187 33 4 3 0.523847 0
1188 33 4 0 NA 0
1189 33 5 0 NA 0
1190 33 3 3 -0.029621 0
1191 33 3 3 -0.565888 0
1192 33 3 0 NA 0
1193 33 7 0 NA 0
1194 33 6 3 0.608609 0
1195 33 6 0 NA 0
1196 33 8 0 NA 0
1197 33 2 1 1 0
1198 33 2 3 -0.930479 0
1199 33 2 0 NA 0
1200 33 10 3 0.154972 0
1201 33 10 3 -0.320229 0
1202 33 10 0 NA 0
1203 33 12 0 NA 0
1204 33 11 3 1.099764 0
1205 33 11 2 0 0
1206 33 11 0 NA 0
1207 33 14 0 NA 0
1208 33 13 0 NA 0
1209 33 9 3 -0.559019 0
1210 33 9 3 -0.969755 0
1211 33 9 0 NA 0
1212 33 16 0 NA 0
1213 33 15 2 0 0
1214 33 15 3 0.418666 0
1215 33 15 0 NA 0
1216 33 18 0 NA 0
1217 33 17 3 0.214341 0
1218 33 17 0 NA 0
1219 33 19 0 NA 0
1220 34 1 3 0.119372 0
1221 34 1 1 0 0
1222 34 1 3 -0.826206 0
1223 34 1 0 NA 0
1224 34 4 3 -0.258677 0
1225 34 4 0 NA 0
1226 34 5 0 NA 0
1227 34 3 1 1 0
1228 34 3 3 -0.874436 0
1229 34 3 0 NA 0
1230 34 7 3 -0.229871 0
1231 34 7 0 NA 0
1232 34 8 0 NA 0
1233 34 6 2 0 0
1234 34 6 3 -0.579532 0
1235 34 6 0 NA 0
1236 34 10 0 NA 0
1237 34 9 3 -0.698344 0
1238 34 9 0 NA 0
1239 34 11 0 NA 0
1240 34 2 3 0.571912 0
1241 34 2 3 0.458778 0
1242 34 2 3 0.236432 0
1243 34 2 0 NA 0
1244 34 14 2 0 0
1245 34 14 0 NA 0
1246 34 15 0 NA 0
1247 34 13 0 NA 0
1248 34 12 1 0 0
1249 34 12 3 1.066568 0
1250 34 12 0 NA 0
1251 34 17 0 NA 0
1252 34 16 1 1 0
1253 34 16 3 1.010989 0
1254 34 16 0 NA 0
1255 34 19 0 NA 0
1256 34 18 2 0 0
1257 34 18 0 NA 0
1258 34 20 0 NA 0
1259 35 1 3 -0.60801 0
1260 35 1 3 -1.248004 0
1261 35 1 3 -1.515357 0
1262 35 1 0 NA 0
1263 35 4 0 NA 0
1264 35 3 1 0 0
1265 35 3 0 NA 0
1266 35 5 3 -0.842471 0
1267 35 5 0 NA 0
1268 35 6 0 NA 0
1269 35 2 1 0 0
1270 35 2 3 0.069242 0
1271 35 2 3 -0.230464 0
1272 35 2 0 NA 0
1273 35 9 0 NA 0
1274 35 8 3 0.807515 0
1275 35 8 3 0.442124 0
1276 35 8 0 NA 0
1277 35 11 0 NA 0
1278 35 10 0 NA 0
1279 35 7 1 1 0
1280 35 7 3 0.351003 0
1281 35 7 3 0.025577 0
1282 35 7 3 -0.285457 0
1283 35 7 0 NA 0
1284 35 15 0 NA 0
1285 35 14 0 NA 0
1286 35 13 3 1.099764 0
1287 35 13 0 NA 0
1288 35 16 0 NA 0
1289 35 12 3 1.049532 0
1290 35 12 3 0.046853 0
1291 35 12 3 -0.283506 0
1292 35 12 0 NA 0
1293 35 19 0 NA 0
1294 35 18 2 0 0
1295 35 18 0 NA 0
1296 35 20 0 NA 0
1297 35 17 0 NA 0
1298 36 1 1 0 0
1299 36 1 3 0.227336 0
1300 36 1 3 -0.063351 0
1301 36 1 3 -0.841678 0
1302 36 1 0 NA 0
1303 36 5 3 -0.42804 0
1304 36 5 0 NA 0
1305 36 6 0 NA 0
1306 36 4 0 NA 0
1307 36 3 3 0.690024 0
1308 36 3 0 NA 0
1309 36 7 0 NA 0
1310 36 2 1 1 0
1311 36 2 3 -1.155879 0
1312 36 2 0 NA 0
1313 36 9 3 -0.543141 0
1314 36 9 0 NA 0
1315 36 10 3 0.599986 0
1316 36 10 3 0.119372 0
1317 36 10 3 -0.228347 0
1318 36 10 0 NA 0
1319 36 13 0 NA 0
1320 36 12 0 NA 0
1321 36 11 3 1.202547 0
1322 36 11 0 NA 0
1323 36 14 0 NA 0
1324 36 8 3 0.650345 0
1325 36 8 3 -0.435069 0
1326 36 8 3 -1.000519 0
1327 36 8 0 NA 0
1328 36 17 0 NA 0
1329 36 16 3 0.268827 0
1330 36 16 3 -0.084787 0
1331 36 16 0 NA 0
1332 36 19 0 NA 0
1333 36 18 0 NA 0
1334 36 15 0 NA 0
1335 37 1 1 0 0
1336 37 1 3 -0.841678 0
1337 37 1 0 NA 0
1338 37 3 3 -0.255375 0
1339 37 3 0 NA 0
1340 37 4 3 0.242295 0
1341 37 4 0 NA 0
1342 37 5 3 0.777444 0
1343 37 5 0 NA 0
1344 37 6 0 NA 0
1345 37 2 3 -0.561091 0
1346 37 2 2 0 0
1347 37 2 1 1 0
1348 37 2 0 NA 0
1349 37 9 0 NA 0
1350 37 8 1 1 0
1351 37 8 0 NA 0
1352 37 10 0 NA 0
1353 37 7 1 1 0
1354 37 7 3 0.308636 0
1355 37 7 3 -0.012119 0
1356 37 7 0 NA 0
1357 37 13 0 NA 0
1358 37 12 3 0.848607 0
1359 37 12 0 NA 0
1360 37 14 0 NA 0
1361 37 11 2 0 0
1362 37 11 3 0.104528 0
1363 37 11 0 NA 0
1364 37 16 0 NA 0
1365 37 15 3 0.105156 0
1366 37 15 0 NA 0
1367 37 17 0 NA 0
1368 38 1 3 0.836511 0
1369 38 1 1 0 0
1370 38 1 3 -0.883801 0
1371 38 1 0 NA 0
1372 38 4 3 -0.105177 0
1373 38 4 3 -0.463754 0
1374 38 4 0 NA 0
1375 38 6 0 NA 0
1376 38 5 3 0.242295 0
1377 38 5 0 NA 0
1378 38 7 0 NA 0
1379 38 3 3 0.285862 0
1380 38 3 1 1 0
1381 38 3 3 -0.199139 0
1382 38 3 3 -0.779097 0
1383 38 3 0 NA 0
1384 38 11 0 NA 0
1385 38 10 0 NA 0
1386 38 9 3 -0.058481 0
1387 38 9 3 -0.816854 0
1388 38 9 0 NA 0
1389 38 13 2 0 0
1390 38 13 0 NA 0
1391 38 14 0 NA 0
1392 38 12 0 NA 0
1393 38 8 3 0.513546 0
1394 38 8 0 NA 0
1395 38 15 0 NA 0
1396 38 2 1 0 0
1397 38 2 0 NA 0
1398 38 16 2 0 0
1399 38 16 0 NA 0
1400 38 17 0 NA 0
1401 39 1 1 0 0
1402 39 1 3 -1.187043 0
1403 39 1 0 NA 0
1404 39 3 3 -0.677606 0
1405 39 3 0 NA 0
1406 39 4 3 -0.343605 0
1407 39 4 0 NA 0
1408 39 5 3 0.008507 0
1409 39 5 0 NA 0
1410 39 6 3 0.509263 0
1411 39 6 0 NA 0
1412 39 7 3 0.874359 0
1413 39 7 0 NA 0
1414 39 8 0 NA 0
1415 39 2 1 1 0
1416 39 2 3 1.097453 0
1417 39 2 3 0.334205 0
1418 39 2 3 -1.039846 0
1419 39 2 0 NA 0
1420 39 12 3 -0.645919 0
1421 39 12 0 NA 0
1422 39 13 3 -0.244225 0
1423 39 13 0 NA 0
1424 39 14 0 NA 0
1425 39 11 3 0.628638 0
1426 39 11 0 NA 0
1427 39 15 0 NA 0
1428 39 10 0 NA 0
1429 39 9 3 -0.51388 0
1430 39 9 3 -0.992891 0
1431 39 9 0 NA 0
1432 39 17 0 NA 0
1433 39 16 3 1.083714 0
1434 39 16 2 0 0
1435 39 16 3 0.154157 0
1436 39 16 0 NA 0
1437 39 20 0 NA 0
1438 39 19 3 0.216081 0
1439 39 19 0 NA 0
1440 39 21 0 NA 0
1441 39 18 0 NA 0
1442 40 1 3 -1.242575 0
1443 40 1 3 -1.542612 0
1444 40 1 0 NA 0
1445 40 3 0 NA 0
1446 40 2 3 -0.972372 0
1447 40 2 0 NA 0
1448 40 4 1 0 0
1449 40 4 3 0.516949 0
1450 40 4 3 -0.239005 0
1451 40 4 0 NA 0
1452 40 7 3 0.09064 0
1453 40 7 0 NA 0
1454 40 8 0 NA 0
1455 40 6 3 0.862179 0
1456 40 6 0 NA 0
1457 40 9 0 NA 0
1458 40 5 1 1 0
1459 40 5 3 -0.506543 0
1460 40 5 0 NA 0
1461 40 11 3 -0.160807 0
1462 40 11 0 NA 0
1463 40 12 3 0.154972 0
1464 40 12 0 NA 0
1465 40 13 3 0.572838 0
1466 40 13 0 NA 0
1467 40 14 3 1.226167 0
1468 40 14 0 NA 0
1469 40 15 0 NA 0
1470 40 10 3 -0.59003 0
1471 40 10 0 NA 0
1472 40 16 3 0.919346 0
1473 40 16 3 0.430029 0
1474 40 16 2 0 0
1475 40 16 0 NA 0
1476 40 19 0 NA 0
1477 40 18 0 NA 0
1478 40 17 0 NA 0
1479 41 1 3 -0.310852 0
1480 41 1 3 -1.244646 0
1481 41 1 3 -1.519591 0
1482 41 1 0 NA 0
1483 41 4 0 NA 0
1484 41 3 1 0 0
1485 41 3 3 -0.759488 0
1486 41 3 0 NA 0
1487 41 6 0 NA 0
1488 41 5 1 1 0
1489 41 5 3 -0.763204 0
1490 41 5 0 NA 0
1491 41 8 0 NA 0
1492 41 7 3 -0.649876 0
1493 41 7 0 NA 0
1494 41 9 0 NA 0
1495 41 2 1 0 0
1496 41 2 3 0.803264 0
1497 41 2 3 0.452319 0
1498 41 2 3 0.1378 0
1499 41 2 0 NA 0
1500 41 13 0 NA 0
1501 41 12 0 NA 0
1502 41 11 0 NA 0
1503 41 10 1 1 0
1504 41 10 3 0.908117 0
1505 41 10 3 0.226562 0
1506 41 10 0 NA 0
1507 41 16 0 NA 0
1508 41 15 0 NA 0
1509 41 14 3 0.025471 0
1510 41 14 0 NA 0
1511 41 17 3 0.460585 0
1512 41 17 0 NA 0
1513 41 18 3 1.214532 0
1514 41 18 0 NA 0
1515 41 19 0 NA 0
1516 42 1 1 0 0
1517 42 1 3 -0.832109 0
1518 42 1 0 NA 0
1519 42 3 3 -0.436487 0
1520 42 3 0 NA 0
1521 42 4 3 1.023486 0
1522 42 4 2 0 0
1523 42 4 3 0.232759 0
1524 42 4 0 NA 0
1525 42 7 0 NA 0
1526 42 6 3 0.266454 0
1527 42 6 0 NA 0
1528 42 8 0 NA 0
1529 42 5 0 NA 0
1530 42 2 3 -0.626742 0
1531 42 2 1 1 0
1532 42 2 2 0 0
1533 42 2 0 NA 0
1534 42 11 0 NA 0
1535 42 10 3 -0.986139 0
1536 42 10 0 NA 0
1537 42 12 0 NA 0
1538 42 9 1 1 0
1539 42 9 3 0.119372 0
1540 42 9 3 -0.183347 0
1541 42 9 0 NA 0
1542 42 15 0 NA 0
1543 42 14 3 0.740686 0
1544 42 14 0 NA 0
1545 42 16 3 1.258546 0
1546 42 16 0 NA 0
1547 42 17 0 NA 0
1548 42 13 3 -0.277702 0
1549 42 13 0 NA 0
1550 42 18 3 0.024163 0
1551 42 18 0 NA 0
1552 42 19 2 0 0
1553 42 19 0 NA 0
1554 42 20 0 NA 0
1555 43 1 3 1.755835 0
1556 43 1 1 0 0
1557 43 1 3 1.003776 0
1558 43 1 3 0.442124 0
1559 43 1 3 -0.06862 0
1560 43 1 3 -0.463754 0
1561 43 1 3 -1.116026 0
1562 43 1 0 NA 0
1563 43 8 0 NA 0
1564 43 7 0 NA 0
1565 43 6 0 NA 0
1566 43 5 0 NA 0
1567 43 4 0 NA 0
1568 43 3 3 -0.389787 0
1569 43 3 1 1 0
1570 43 3 3 -0.795159 0
1571 43 3 0 NA 0
1572 43 11 0 NA 0
1573 43 10 3 -0.976241 0
1574 43 10 0 NA 0
1575 43 12 0 NA 0
1576 43 9 3 0.119372 0
1577 43 9 3 -0.04351 0
1578 43 9 1 1 0
1579 43 9 0 NA 0
1580 43 15 0 NA 0
1581 43 14 0 NA 0
1582 43 13 1 1 0
1583 43 13 3 0.848607 0
1584 43 13 3 0.447334 0
1585 43 13 0 NA 0
1586 43 18 0 NA 0
1587 43 17 0 NA 0
1588 43 16 3 0.873807 0
1589 43 16 3 0.485366 0
1590 43 16 0 NA 0
1591 43 20 0 NA 0
1592 43 19 0 NA 0
1593 43 2 0 NA 0
1594 44 1 3 -0.555075 0
1595 44 1 3 -1.239601 0
1596 44 1 3 -1.515357 0
1597 44 1 0 NA 0
1598 44 4 0 NA 0
1599 44 3 1 0 0
1600 44 3 0 NA 0
1601 44 5 1 1 0
1602 44 5 0 NA 0
1603 44 6 0 NA 0
1604 44 2 1 0 0
1605 44 2 2 0 0
1606 44 2 3 0.066315 0
1607 44 2 0 NA 0
1608 44 9 3 0.704827 0
1609 44 9 0 NA 0
1610 44 10 0 NA 0
1611 44 8 3 0.687736 0
1612 44 8 0 NA 0
1613 44 11 0 NA 0
1614 44 7 2 0 0
1615 44 7 1 1 0
1616 44 7 3 0.773901 0
1617 44 7 0 NA 0
1618 44 14 0 NA 0
1619 44 13 3 0.072296 0
1620 44 13 0 NA 0
1621 44 15 0 NA 0
1622 44 12 1 1 0
1623 44 12 3 0.556291 0
1624 44 12 0 NA 0
1625 44 17 0 NA 0
1626 44 16 3 0.105156 0
1627 44 16 0 NA 0
1628 44 18 0 NA 0
1629 45 1 3 0.029736 0
1630 45 1 3 -1.693988 0
1631 45 1 0 NA 0
1632 45 3 3 -1.327859 0
1633 45 3 0 NA 0
1634 45 4 1 0 0
1635 45 4 3 -0.824093 0
1636 45 4 0 NA 0
1637 45 6 3 -0.456807 0
1638 45 6 0 NA 0
1639 45 7 0 NA 0
1640 45 5 1 1 0
1641 45 5 3 -0.779097 0
1642 45 5 0 NA 0
1643 45 9 3 -0.292948 0
1644 45 9 0 NA 0
1645 45 10 0 NA 0
1646 45 8 3 -0.563344 0
1647 45 8 0 NA 0
1648 45 11 0 NA 0
1649 45 2 1 0 0
1650 45 2 3 0.408991 0
1651 45 2 0 NA 0
1652 45 13 3 0.736078 0
1653 45 13 0 NA 0
1654 45 14 0 NA 0
1655 45 12 3 0.189386 0
1656 45 12 0 NA 0
1657 45 15 3 0.631241 0
1658 45 15 1 1 0
1659 45 15 0 NA 0
1660 45 17 0 NA 0
1661 45 16 1 1 0
1662 45 16 3 1.244268 0
1663 45 16 0 NA 0
1664 45 19 0 NA 0
1665 45 18 2 0 0
1666 45 18 0 NA 0
1667 45 20 0 NA 0
1668 46 1 1 0 0
1669 46 1 3 -0.832109 0
1670 46 1 0 NA 0
1671 46 3 3 -0.188856 0
1672 46 3 0 NA 0
1673 46 4 3 0.106422 0
1674 46 4 0 NA 0
1675 46 5 2 0 0
1676 46 5 0 NA 0
1677 46 6 0 NA 0
1678 46 2 3 -1.088463 0
1679 46 2 1 1 0
1680 46 2 0 NA 0
1681 46 8 0 NA 0
1682 46 7 3 -0.769695 0
1683 46 7 0 NA 0
1684 46 9 1 1 0
1685 46 9 3 0.387848 0
1686 46 9 3 -0.201463 0
1687 46 9 0 NA 0
1688 46 12 0 NA 0
1689 46 11 3 0.848607 0
1690 46 11 0 NA 0
1691 46 13 0 NA 0
1692 46 10 3 0.599635 0
1693 46 10 2 0 0
1694 46 10 3 0.003443 0
1695 46 10 0 NA 0
1696 46 16 0 NA 0
1697 46 15 3 -0.056013 0
1698 46 15 0 NA 0
1699 46 17 0 NA 0
1700 46 14 3 1.129995 0
1701 46 14 0 NA 0
1702 46 18 0 NA 0
1703 47 1 1 0 0
1704 47 1 3 0.26942 0
1705 47 1 3 -0.824093 0
1706 47 1 0 NA 0
1707 47 4 3 -0.448738 0
1708 47 4 0 NA 0
1709 47 5 2 0 0
1710 47 5 0 NA 0
1711 47 6 0 NA 0
1712 47 3 2 0 0
1713 47 3 0 NA 0
1714 47 7 0 NA 0
1715 47 2 3 -0.604182 0
1716 47 2 1 1 0
1717 47 2 3 -1.132993 0
1718 47 2 0 NA 0
1719 47 10 0 NA 0
1720 47 9 3 -1.114116 0
1721 47 9 0 NA 0
1722 47 11 0 NA 0
1723 47 8 3 0.197571 0
1724 47 8 3 0.025471 0
1725 47 8 1 1 0
1726 47 8 0 NA 0
1727 47 14 0 NA 0
1728 47 13 0 NA 0
1729 47 12 1 1 0
1730 47 12 3 1.169133 0
1731 47 12 3 0.705534 0
1732 47 12 0 NA 0
1733 47 17 0 NA 0
1734 47 16 0 NA 0
1735 47 15 3 0.598522 0
1736 47 15 0 NA 0
1737 47 18 2 0 0
1738 47 18 0 NA 0
1739 47 19 0 NA 0
1740 48 1 1 0 0
1741 48 1 3 -1.161216 0
1742 48 1 0 NA 0
1743 48 3 3 0.562977 0
1744 48 3 3 -0.026793 0
1745 48 3 3 -0.483362 0
1746 48 3 0 NA 0
1747 48 6 0 NA 0
1748 48 5 0 NA 0
1749 48 4 3 1.164781 0
1750 48 4 0 NA 0
1751 48 7 0 NA 0
1752 48 2 3 0.977033 0
1753 48 2 3 0.473516 0
1754 48 2 1 1 0
1755 48 2 3 -1.039846 0
1756 48 2 0 NA 0
1757 48 11 3 -0.133086 0
1758 48 11 3 -0.582445 0
1759 48 11 0 NA 0
1760 48 13 0 NA 0
1761 48 12 0 NA 0
1762 48 10 3 -0.022357 0
1763 48 10 3 -1.01426 0
1764 48 10 0 NA 0
1765 48 15 3 -0.570253 0
1766 48 15 0 NA 0
1767 48 16 0 NA 0
1768 48 14 0 NA 0
1769 48 9 1 1 0
1770 48 9 0 NA 0
1771 48 17 0 NA 0
1772 48 8 1 1 0
1773 48 8 0 NA 0
1774 48 18 0 NA 0
1775 49 1 3 1.756232 0
1776 49 1 1 0 0
1777 49 1 3 0.113213 0
1778 49 1 2 0 0
1779 49 1 3 -0.491824 0
1780 49 1 0 NA 0
1781 49 6 0 NA 0
1782 49 5 3 -0.566298 0
1783 49 5 0 NA 0
1784 49 7 0 NA 0
1785 49 4 3 0.463205 0
1786 49 4 0 NA 0
1787 49 8 3 1.023486 0
1788 49 8 0 NA 0
1789 49 9 0 NA 0
1790 49 3 1 1 0
1791 49 3 3 1.02498 0
1792 49 3 2 0 0
1793 49 3 3 -0.306605 0
1794 49 3 0 NA 0
1795 49 13 0 NA 0
1796 49 12 3 0.27527 0
1797 49 12 3 -0.377666 0
1798 49 12 0 NA 0
1799 49 15 0 NA 0
1800 49 14 0 NA 0
1801 49 11 0 NA 0
1802 49 10 3 -0.312284 0
1803 49 10 3 -0.986139 0
1804 49 10 0 NA 0
1805 49 17 0 NA 0
1806 49 16 3 0.24602 0
1807 49 16 0 NA 0
1808 49 18 2 0 0
1809 49 18 0 NA 0
1810 49 19 0 NA 0
1811 49 2 0 NA 0
1812 50 1 3 1.486367 0
1813 50 1 1 0 0
1814 50 1 3 0.807515 0
1815 50 1 3 -0.883801 0
1816 50 1 0 NA 0
1817 50 5 2 0 0
1818 50 5 3 0.093544 0
1819 50 5 0 NA 0
1820 50 7 0 NA 0
1821 50 6 3 0.003662 0
1822 50 6 0 NA 0
1823 50 8 0 NA 0
1824 50 4 0 NA 0
1825 50 3 3 -1.515357 0
1826 50 3 0 NA 0
1827 50 9 1 1 0
1828 50 9 3 0.337197 0
1829 50 9 3 -0.565612 0
1830 50 9 0 NA 0
1831 50 12 3 -0.207791 0
1832 50 12 0 NA 0
1833 50 13 0 NA 0
1834 50 11 3 0.738963 0
1835 50 11 0 NA 0
1836 50 14 0 NA 0
1837 50 10 3 -0.642716 0
1838 50 10 0 NA 0
1839 50 15 3 0.528672 0
1840 50 15 3 0.220527 0
1841 50 15 3 -0.111972 0
1842 50 15 0 NA 0
1843 50 18 0 NA 0
1844 50 17 0 NA 0
1845 50 16 0 NA 0
1846 50 2 0 NA 0
